{
 "cells": [
  {
   "cell_type": "code",
   "execution_count": 7,
   "id": "3220c1fc",
   "metadata": {},
   "outputs": [],
   "source": [
    "import pandas as pd\n",
    "import matplotlib.pyplot as plt\n",
    "from astropy.time import Time\n",
    "import matplotlib.dates as mdates\n",
    "from matplotlib.dates import DateFormatter\n",
    "from datetime import datetime \n",
    "import matplotlib.ticker as tck\n",
    "import numpy as np"
   ]
  },
  {
   "cell_type": "code",
   "execution_count": 8,
   "id": "82badfa6",
   "metadata": {},
   "outputs": [],
   "source": [
    "data = pd.read_csv(\"/Users/priyanujkashyap/Documents/GitHub/KWS24/InSituObs/OMNI_HRO_5MIN_2235001.txt\", \n",
    "                   sep='\\s+', comment='#', skiprows=73, header=None, names=['day', 'time', 'B', 'Bx', 'By', 'Bz', 'v', 'n', 'T', 'beta'])"
   ]
  },
  {
   "cell_type": "code",
   "execution_count": 9,
   "id": "ed04510d",
   "metadata": {},
   "outputs": [
    {
     "data": {
      "text/html": [
       "<div>\n",
       "<style scoped>\n",
       "    .dataframe tbody tr th:only-of-type {\n",
       "        vertical-align: middle;\n",
       "    }\n",
       "\n",
       "    .dataframe tbody tr th {\n",
       "        vertical-align: top;\n",
       "    }\n",
       "\n",
       "    .dataframe thead th {\n",
       "        text-align: right;\n",
       "    }\n",
       "</style>\n",
       "<table border=\"1\" class=\"dataframe\">\n",
       "  <thead>\n",
       "    <tr style=\"text-align: right;\">\n",
       "      <th></th>\n",
       "      <th>day</th>\n",
       "      <th>time</th>\n",
       "      <th>B</th>\n",
       "      <th>Bx</th>\n",
       "      <th>By</th>\n",
       "      <th>Bz</th>\n",
       "      <th>v</th>\n",
       "      <th>n</th>\n",
       "      <th>T</th>\n",
       "      <th>beta</th>\n",
       "    </tr>\n",
       "  </thead>\n",
       "  <tbody>\n",
       "    <tr>\n",
       "      <th>0</th>\n",
       "      <td>14-07-2012</td>\n",
       "      <td>00:00:00.000</td>\n",
       "      <td>4.02</td>\n",
       "      <td>-3.65</td>\n",
       "      <td>1.44</td>\n",
       "      <td>-0.77</td>\n",
       "      <td>325.7</td>\n",
       "      <td>3.00</td>\n",
       "      <td>11312.0</td>\n",
       "      <td>1.08</td>\n",
       "    </tr>\n",
       "    <tr>\n",
       "      <th>1</th>\n",
       "      <td>14-07-2012</td>\n",
       "      <td>00:05:00.000</td>\n",
       "      <td>4.01</td>\n",
       "      <td>-3.66</td>\n",
       "      <td>1.42</td>\n",
       "      <td>-0.85</td>\n",
       "      <td>325.8</td>\n",
       "      <td>2.94</td>\n",
       "      <td>11875.0</td>\n",
       "      <td>1.07</td>\n",
       "    </tr>\n",
       "    <tr>\n",
       "      <th>2</th>\n",
       "      <td>14-07-2012</td>\n",
       "      <td>00:10:00.000</td>\n",
       "      <td>4.00</td>\n",
       "      <td>-3.62</td>\n",
       "      <td>1.48</td>\n",
       "      <td>-0.85</td>\n",
       "      <td>99999.9</td>\n",
       "      <td>999.99</td>\n",
       "      <td>10000000.0</td>\n",
       "      <td>999.99</td>\n",
       "    </tr>\n",
       "    <tr>\n",
       "      <th>3</th>\n",
       "      <td>14-07-2012</td>\n",
       "      <td>00:15:00.000</td>\n",
       "      <td>9999.99</td>\n",
       "      <td>9999.99</td>\n",
       "      <td>9999.99</td>\n",
       "      <td>9999.99</td>\n",
       "      <td>99999.9</td>\n",
       "      <td>999.99</td>\n",
       "      <td>10000000.0</td>\n",
       "      <td>999.99</td>\n",
       "    </tr>\n",
       "    <tr>\n",
       "      <th>4</th>\n",
       "      <td>14-07-2012</td>\n",
       "      <td>00:20:00.000</td>\n",
       "      <td>4.04</td>\n",
       "      <td>-3.62</td>\n",
       "      <td>1.58</td>\n",
       "      <td>-0.82</td>\n",
       "      <td>325.2</td>\n",
       "      <td>3.02</td>\n",
       "      <td>9378.0</td>\n",
       "      <td>1.06</td>\n",
       "    </tr>\n",
       "    <tr>\n",
       "      <th>...</th>\n",
       "      <td>...</td>\n",
       "      <td>...</td>\n",
       "      <td>...</td>\n",
       "      <td>...</td>\n",
       "      <td>...</td>\n",
       "      <td>...</td>\n",
       "      <td>...</td>\n",
       "      <td>...</td>\n",
       "      <td>...</td>\n",
       "      <td>...</td>\n",
       "    </tr>\n",
       "    <tr>\n",
       "      <th>1148</th>\n",
       "      <td>17-07-2012</td>\n",
       "      <td>23:40:00.000</td>\n",
       "      <td>5.26</td>\n",
       "      <td>3.96</td>\n",
       "      <td>-2.30</td>\n",
       "      <td>-1.61</td>\n",
       "      <td>427.3</td>\n",
       "      <td>1.08</td>\n",
       "      <td>72955.0</td>\n",
       "      <td>0.33</td>\n",
       "    </tr>\n",
       "    <tr>\n",
       "      <th>1149</th>\n",
       "      <td>17-07-2012</td>\n",
       "      <td>23:45:00.000</td>\n",
       "      <td>5.19</td>\n",
       "      <td>2.77</td>\n",
       "      <td>-3.72</td>\n",
       "      <td>0.06</td>\n",
       "      <td>456.1</td>\n",
       "      <td>0.95</td>\n",
       "      <td>93324.0</td>\n",
       "      <td>0.32</td>\n",
       "    </tr>\n",
       "    <tr>\n",
       "      <th>1150</th>\n",
       "      <td>17-07-2012</td>\n",
       "      <td>23:50:00.000</td>\n",
       "      <td>5.09</td>\n",
       "      <td>2.86</td>\n",
       "      <td>-4.11</td>\n",
       "      <td>0.59</td>\n",
       "      <td>460.0</td>\n",
       "      <td>0.95</td>\n",
       "      <td>101417.0</td>\n",
       "      <td>0.35</td>\n",
       "    </tr>\n",
       "    <tr>\n",
       "      <th>1151</th>\n",
       "      <td>17-07-2012</td>\n",
       "      <td>23:55:00.000</td>\n",
       "      <td>5.28</td>\n",
       "      <td>3.11</td>\n",
       "      <td>-4.02</td>\n",
       "      <td>-0.90</td>\n",
       "      <td>462.0</td>\n",
       "      <td>0.90</td>\n",
       "      <td>93138.0</td>\n",
       "      <td>0.30</td>\n",
       "    </tr>\n",
       "    <tr>\n",
       "      <th>1152</th>\n",
       "      <td>18-07-2012</td>\n",
       "      <td>00:00:00.000</td>\n",
       "      <td>5.43</td>\n",
       "      <td>2.61</td>\n",
       "      <td>-4.13</td>\n",
       "      <td>-2.25</td>\n",
       "      <td>466.8</td>\n",
       "      <td>0.89</td>\n",
       "      <td>95294.0</td>\n",
       "      <td>0.28</td>\n",
       "    </tr>\n",
       "  </tbody>\n",
       "</table>\n",
       "<p>1153 rows × 10 columns</p>\n",
       "</div>"
      ],
      "text/plain": [
       "             day          time        B       Bx       By       Bz        v  \\\n",
       "0     14-07-2012  00:00:00.000     4.02    -3.65     1.44    -0.77    325.7   \n",
       "1     14-07-2012  00:05:00.000     4.01    -3.66     1.42    -0.85    325.8   \n",
       "2     14-07-2012  00:10:00.000     4.00    -3.62     1.48    -0.85  99999.9   \n",
       "3     14-07-2012  00:15:00.000  9999.99  9999.99  9999.99  9999.99  99999.9   \n",
       "4     14-07-2012  00:20:00.000     4.04    -3.62     1.58    -0.82    325.2   \n",
       "...          ...           ...      ...      ...      ...      ...      ...   \n",
       "1148  17-07-2012  23:40:00.000     5.26     3.96    -2.30    -1.61    427.3   \n",
       "1149  17-07-2012  23:45:00.000     5.19     2.77    -3.72     0.06    456.1   \n",
       "1150  17-07-2012  23:50:00.000     5.09     2.86    -4.11     0.59    460.0   \n",
       "1151  17-07-2012  23:55:00.000     5.28     3.11    -4.02    -0.90    462.0   \n",
       "1152  18-07-2012  00:00:00.000     5.43     2.61    -4.13    -2.25    466.8   \n",
       "\n",
       "           n           T    beta  \n",
       "0       3.00     11312.0    1.08  \n",
       "1       2.94     11875.0    1.07  \n",
       "2     999.99  10000000.0  999.99  \n",
       "3     999.99  10000000.0  999.99  \n",
       "4       3.02      9378.0    1.06  \n",
       "...      ...         ...     ...  \n",
       "1148    1.08     72955.0    0.33  \n",
       "1149    0.95     93324.0    0.32  \n",
       "1150    0.95    101417.0    0.35  \n",
       "1151    0.90     93138.0    0.30  \n",
       "1152    0.89     95294.0    0.28  \n",
       "\n",
       "[1153 rows x 10 columns]"
      ]
     },
     "execution_count": 9,
     "metadata": {},
     "output_type": "execute_result"
    }
   ],
   "source": [
    "data"
   ]
  },
  {
   "cell_type": "code",
   "execution_count": 10,
   "id": "07e86476",
   "metadata": {},
   "outputs": [
    {
     "data": {
      "text/html": [
       "<div>\n",
       "<style scoped>\n",
       "    .dataframe tbody tr th:only-of-type {\n",
       "        vertical-align: middle;\n",
       "    }\n",
       "\n",
       "    .dataframe tbody tr th {\n",
       "        vertical-align: top;\n",
       "    }\n",
       "\n",
       "    .dataframe thead th {\n",
       "        text-align: right;\n",
       "    }\n",
       "</style>\n",
       "<table border=\"1\" class=\"dataframe\">\n",
       "  <thead>\n",
       "    <tr style=\"text-align: right;\">\n",
       "      <th></th>\n",
       "      <th>day</th>\n",
       "      <th>time</th>\n",
       "      <th>B</th>\n",
       "      <th>Bx</th>\n",
       "      <th>By</th>\n",
       "      <th>Bz</th>\n",
       "      <th>v</th>\n",
       "      <th>n</th>\n",
       "      <th>T</th>\n",
       "      <th>beta</th>\n",
       "    </tr>\n",
       "  </thead>\n",
       "  <tbody>\n",
       "    <tr>\n",
       "      <th>0</th>\n",
       "      <td>2012-07-14</td>\n",
       "      <td>00:00:00.000</td>\n",
       "      <td>4.02</td>\n",
       "      <td>-3.65</td>\n",
       "      <td>1.44</td>\n",
       "      <td>-0.77</td>\n",
       "      <td>325.7</td>\n",
       "      <td>3.00</td>\n",
       "      <td>11312.0</td>\n",
       "      <td>1.08</td>\n",
       "    </tr>\n",
       "    <tr>\n",
       "      <th>1</th>\n",
       "      <td>2012-07-14</td>\n",
       "      <td>00:05:00.000</td>\n",
       "      <td>4.01</td>\n",
       "      <td>-3.66</td>\n",
       "      <td>1.42</td>\n",
       "      <td>-0.85</td>\n",
       "      <td>325.8</td>\n",
       "      <td>2.94</td>\n",
       "      <td>11875.0</td>\n",
       "      <td>1.07</td>\n",
       "    </tr>\n",
       "    <tr>\n",
       "      <th>2</th>\n",
       "      <td>2012-07-14</td>\n",
       "      <td>00:10:00.000</td>\n",
       "      <td>4.00</td>\n",
       "      <td>-3.62</td>\n",
       "      <td>1.48</td>\n",
       "      <td>-0.85</td>\n",
       "      <td>99999.9</td>\n",
       "      <td>999.99</td>\n",
       "      <td>10000000.0</td>\n",
       "      <td>999.99</td>\n",
       "    </tr>\n",
       "    <tr>\n",
       "      <th>3</th>\n",
       "      <td>2012-07-14</td>\n",
       "      <td>00:15:00.000</td>\n",
       "      <td>9999.99</td>\n",
       "      <td>9999.99</td>\n",
       "      <td>9999.99</td>\n",
       "      <td>9999.99</td>\n",
       "      <td>99999.9</td>\n",
       "      <td>999.99</td>\n",
       "      <td>10000000.0</td>\n",
       "      <td>999.99</td>\n",
       "    </tr>\n",
       "    <tr>\n",
       "      <th>4</th>\n",
       "      <td>2012-07-14</td>\n",
       "      <td>00:20:00.000</td>\n",
       "      <td>4.04</td>\n",
       "      <td>-3.62</td>\n",
       "      <td>1.58</td>\n",
       "      <td>-0.82</td>\n",
       "      <td>325.2</td>\n",
       "      <td>3.02</td>\n",
       "      <td>9378.0</td>\n",
       "      <td>1.06</td>\n",
       "    </tr>\n",
       "    <tr>\n",
       "      <th>...</th>\n",
       "      <td>...</td>\n",
       "      <td>...</td>\n",
       "      <td>...</td>\n",
       "      <td>...</td>\n",
       "      <td>...</td>\n",
       "      <td>...</td>\n",
       "      <td>...</td>\n",
       "      <td>...</td>\n",
       "      <td>...</td>\n",
       "      <td>...</td>\n",
       "    </tr>\n",
       "    <tr>\n",
       "      <th>1148</th>\n",
       "      <td>2012-07-17</td>\n",
       "      <td>23:40:00.000</td>\n",
       "      <td>5.26</td>\n",
       "      <td>3.96</td>\n",
       "      <td>-2.30</td>\n",
       "      <td>-1.61</td>\n",
       "      <td>427.3</td>\n",
       "      <td>1.08</td>\n",
       "      <td>72955.0</td>\n",
       "      <td>0.33</td>\n",
       "    </tr>\n",
       "    <tr>\n",
       "      <th>1149</th>\n",
       "      <td>2012-07-17</td>\n",
       "      <td>23:45:00.000</td>\n",
       "      <td>5.19</td>\n",
       "      <td>2.77</td>\n",
       "      <td>-3.72</td>\n",
       "      <td>0.06</td>\n",
       "      <td>456.1</td>\n",
       "      <td>0.95</td>\n",
       "      <td>93324.0</td>\n",
       "      <td>0.32</td>\n",
       "    </tr>\n",
       "    <tr>\n",
       "      <th>1150</th>\n",
       "      <td>2012-07-17</td>\n",
       "      <td>23:50:00.000</td>\n",
       "      <td>5.09</td>\n",
       "      <td>2.86</td>\n",
       "      <td>-4.11</td>\n",
       "      <td>0.59</td>\n",
       "      <td>460.0</td>\n",
       "      <td>0.95</td>\n",
       "      <td>101417.0</td>\n",
       "      <td>0.35</td>\n",
       "    </tr>\n",
       "    <tr>\n",
       "      <th>1151</th>\n",
       "      <td>2012-07-17</td>\n",
       "      <td>23:55:00.000</td>\n",
       "      <td>5.28</td>\n",
       "      <td>3.11</td>\n",
       "      <td>-4.02</td>\n",
       "      <td>-0.90</td>\n",
       "      <td>462.0</td>\n",
       "      <td>0.90</td>\n",
       "      <td>93138.0</td>\n",
       "      <td>0.30</td>\n",
       "    </tr>\n",
       "    <tr>\n",
       "      <th>1152</th>\n",
       "      <td>2012-07-18</td>\n",
       "      <td>00:00:00.000</td>\n",
       "      <td>5.43</td>\n",
       "      <td>2.61</td>\n",
       "      <td>-4.13</td>\n",
       "      <td>-2.25</td>\n",
       "      <td>466.8</td>\n",
       "      <td>0.89</td>\n",
       "      <td>95294.0</td>\n",
       "      <td>0.28</td>\n",
       "    </tr>\n",
       "  </tbody>\n",
       "</table>\n",
       "<p>1153 rows × 10 columns</p>\n",
       "</div>"
      ],
      "text/plain": [
       "             day          time        B       Bx       By       Bz        v  \\\n",
       "0     2012-07-14  00:00:00.000     4.02    -3.65     1.44    -0.77    325.7   \n",
       "1     2012-07-14  00:05:00.000     4.01    -3.66     1.42    -0.85    325.8   \n",
       "2     2012-07-14  00:10:00.000     4.00    -3.62     1.48    -0.85  99999.9   \n",
       "3     2012-07-14  00:15:00.000  9999.99  9999.99  9999.99  9999.99  99999.9   \n",
       "4     2012-07-14  00:20:00.000     4.04    -3.62     1.58    -0.82    325.2   \n",
       "...          ...           ...      ...      ...      ...      ...      ...   \n",
       "1148  2012-07-17  23:40:00.000     5.26     3.96    -2.30    -1.61    427.3   \n",
       "1149  2012-07-17  23:45:00.000     5.19     2.77    -3.72     0.06    456.1   \n",
       "1150  2012-07-17  23:50:00.000     5.09     2.86    -4.11     0.59    460.0   \n",
       "1151  2012-07-17  23:55:00.000     5.28     3.11    -4.02    -0.90    462.0   \n",
       "1152  2012-07-18  00:00:00.000     5.43     2.61    -4.13    -2.25    466.8   \n",
       "\n",
       "           n           T    beta  \n",
       "0       3.00     11312.0    1.08  \n",
       "1       2.94     11875.0    1.07  \n",
       "2     999.99  10000000.0  999.99  \n",
       "3     999.99  10000000.0  999.99  \n",
       "4       3.02      9378.0    1.06  \n",
       "...      ...         ...     ...  \n",
       "1148    1.08     72955.0    0.33  \n",
       "1149    0.95     93324.0    0.32  \n",
       "1150    0.95    101417.0    0.35  \n",
       "1151    0.90     93138.0    0.30  \n",
       "1152    0.89     95294.0    0.28  \n",
       "\n",
       "[1153 rows x 10 columns]"
      ]
     },
     "execution_count": 10,
     "metadata": {},
     "output_type": "execute_result"
    }
   ],
   "source": [
    "def conv_dates_series(df, col, old_date_format, new_date_format):\n",
    "\n",
    "    df[col] = pd.to_datetime(df[col], format=old_date_format).dt.strftime(new_date_format)\n",
    "    \n",
    "    return df\n",
    "\n",
    "conv_dates_series(data, 'day', \"%d-%m-%Y\", \"%Y-%m-%d\")"
   ]
  },
  {
   "cell_type": "code",
   "execution_count": 11,
   "id": "13cb068e",
   "metadata": {},
   "outputs": [
    {
     "data": {
      "text/html": [
       "<div>\n",
       "<style scoped>\n",
       "    .dataframe tbody tr th:only-of-type {\n",
       "        vertical-align: middle;\n",
       "    }\n",
       "\n",
       "    .dataframe tbody tr th {\n",
       "        vertical-align: top;\n",
       "    }\n",
       "\n",
       "    .dataframe thead th {\n",
       "        text-align: right;\n",
       "    }\n",
       "</style>\n",
       "<table border=\"1\" class=\"dataframe\">\n",
       "  <thead>\n",
       "    <tr style=\"text-align: right;\">\n",
       "      <th></th>\n",
       "      <th>day</th>\n",
       "      <th>time</th>\n",
       "      <th>B</th>\n",
       "      <th>Bx</th>\n",
       "      <th>By</th>\n",
       "      <th>Bz</th>\n",
       "      <th>v</th>\n",
       "      <th>n</th>\n",
       "      <th>T</th>\n",
       "      <th>beta</th>\n",
       "      <th>date_time</th>\n",
       "    </tr>\n",
       "  </thead>\n",
       "  <tbody>\n",
       "    <tr>\n",
       "      <th>0</th>\n",
       "      <td>2012-07-14</td>\n",
       "      <td>00:00:00.000</td>\n",
       "      <td>4.02</td>\n",
       "      <td>-3.65</td>\n",
       "      <td>1.44</td>\n",
       "      <td>-0.77</td>\n",
       "      <td>325.7</td>\n",
       "      <td>3.00</td>\n",
       "      <td>11312.0</td>\n",
       "      <td>1.08</td>\n",
       "      <td>2012-07-14T00:00:00.000</td>\n",
       "    </tr>\n",
       "    <tr>\n",
       "      <th>1</th>\n",
       "      <td>2012-07-14</td>\n",
       "      <td>00:05:00.000</td>\n",
       "      <td>4.01</td>\n",
       "      <td>-3.66</td>\n",
       "      <td>1.42</td>\n",
       "      <td>-0.85</td>\n",
       "      <td>325.8</td>\n",
       "      <td>2.94</td>\n",
       "      <td>11875.0</td>\n",
       "      <td>1.07</td>\n",
       "      <td>2012-07-14T00:05:00.000</td>\n",
       "    </tr>\n",
       "    <tr>\n",
       "      <th>2</th>\n",
       "      <td>2012-07-14</td>\n",
       "      <td>00:10:00.000</td>\n",
       "      <td>4.00</td>\n",
       "      <td>-3.62</td>\n",
       "      <td>1.48</td>\n",
       "      <td>-0.85</td>\n",
       "      <td>99999.9</td>\n",
       "      <td>999.99</td>\n",
       "      <td>10000000.0</td>\n",
       "      <td>999.99</td>\n",
       "      <td>2012-07-14T00:10:00.000</td>\n",
       "    </tr>\n",
       "    <tr>\n",
       "      <th>3</th>\n",
       "      <td>2012-07-14</td>\n",
       "      <td>00:15:00.000</td>\n",
       "      <td>9999.99</td>\n",
       "      <td>9999.99</td>\n",
       "      <td>9999.99</td>\n",
       "      <td>9999.99</td>\n",
       "      <td>99999.9</td>\n",
       "      <td>999.99</td>\n",
       "      <td>10000000.0</td>\n",
       "      <td>999.99</td>\n",
       "      <td>2012-07-14T00:15:00.000</td>\n",
       "    </tr>\n",
       "    <tr>\n",
       "      <th>4</th>\n",
       "      <td>2012-07-14</td>\n",
       "      <td>00:20:00.000</td>\n",
       "      <td>4.04</td>\n",
       "      <td>-3.62</td>\n",
       "      <td>1.58</td>\n",
       "      <td>-0.82</td>\n",
       "      <td>325.2</td>\n",
       "      <td>3.02</td>\n",
       "      <td>9378.0</td>\n",
       "      <td>1.06</td>\n",
       "      <td>2012-07-14T00:20:00.000</td>\n",
       "    </tr>\n",
       "    <tr>\n",
       "      <th>...</th>\n",
       "      <td>...</td>\n",
       "      <td>...</td>\n",
       "      <td>...</td>\n",
       "      <td>...</td>\n",
       "      <td>...</td>\n",
       "      <td>...</td>\n",
       "      <td>...</td>\n",
       "      <td>...</td>\n",
       "      <td>...</td>\n",
       "      <td>...</td>\n",
       "      <td>...</td>\n",
       "    </tr>\n",
       "    <tr>\n",
       "      <th>1148</th>\n",
       "      <td>2012-07-17</td>\n",
       "      <td>23:40:00.000</td>\n",
       "      <td>5.26</td>\n",
       "      <td>3.96</td>\n",
       "      <td>-2.30</td>\n",
       "      <td>-1.61</td>\n",
       "      <td>427.3</td>\n",
       "      <td>1.08</td>\n",
       "      <td>72955.0</td>\n",
       "      <td>0.33</td>\n",
       "      <td>2012-07-17T23:40:00.000</td>\n",
       "    </tr>\n",
       "    <tr>\n",
       "      <th>1149</th>\n",
       "      <td>2012-07-17</td>\n",
       "      <td>23:45:00.000</td>\n",
       "      <td>5.19</td>\n",
       "      <td>2.77</td>\n",
       "      <td>-3.72</td>\n",
       "      <td>0.06</td>\n",
       "      <td>456.1</td>\n",
       "      <td>0.95</td>\n",
       "      <td>93324.0</td>\n",
       "      <td>0.32</td>\n",
       "      <td>2012-07-17T23:45:00.000</td>\n",
       "    </tr>\n",
       "    <tr>\n",
       "      <th>1150</th>\n",
       "      <td>2012-07-17</td>\n",
       "      <td>23:50:00.000</td>\n",
       "      <td>5.09</td>\n",
       "      <td>2.86</td>\n",
       "      <td>-4.11</td>\n",
       "      <td>0.59</td>\n",
       "      <td>460.0</td>\n",
       "      <td>0.95</td>\n",
       "      <td>101417.0</td>\n",
       "      <td>0.35</td>\n",
       "      <td>2012-07-17T23:50:00.000</td>\n",
       "    </tr>\n",
       "    <tr>\n",
       "      <th>1151</th>\n",
       "      <td>2012-07-17</td>\n",
       "      <td>23:55:00.000</td>\n",
       "      <td>5.28</td>\n",
       "      <td>3.11</td>\n",
       "      <td>-4.02</td>\n",
       "      <td>-0.90</td>\n",
       "      <td>462.0</td>\n",
       "      <td>0.90</td>\n",
       "      <td>93138.0</td>\n",
       "      <td>0.30</td>\n",
       "      <td>2012-07-17T23:55:00.000</td>\n",
       "    </tr>\n",
       "    <tr>\n",
       "      <th>1152</th>\n",
       "      <td>2012-07-18</td>\n",
       "      <td>00:00:00.000</td>\n",
       "      <td>5.43</td>\n",
       "      <td>2.61</td>\n",
       "      <td>-4.13</td>\n",
       "      <td>-2.25</td>\n",
       "      <td>466.8</td>\n",
       "      <td>0.89</td>\n",
       "      <td>95294.0</td>\n",
       "      <td>0.28</td>\n",
       "      <td>2012-07-18T00:00:00.000</td>\n",
       "    </tr>\n",
       "  </tbody>\n",
       "</table>\n",
       "<p>1153 rows × 11 columns</p>\n",
       "</div>"
      ],
      "text/plain": [
       "             day          time        B       Bx       By       Bz        v  \\\n",
       "0     2012-07-14  00:00:00.000     4.02    -3.65     1.44    -0.77    325.7   \n",
       "1     2012-07-14  00:05:00.000     4.01    -3.66     1.42    -0.85    325.8   \n",
       "2     2012-07-14  00:10:00.000     4.00    -3.62     1.48    -0.85  99999.9   \n",
       "3     2012-07-14  00:15:00.000  9999.99  9999.99  9999.99  9999.99  99999.9   \n",
       "4     2012-07-14  00:20:00.000     4.04    -3.62     1.58    -0.82    325.2   \n",
       "...          ...           ...      ...      ...      ...      ...      ...   \n",
       "1148  2012-07-17  23:40:00.000     5.26     3.96    -2.30    -1.61    427.3   \n",
       "1149  2012-07-17  23:45:00.000     5.19     2.77    -3.72     0.06    456.1   \n",
       "1150  2012-07-17  23:50:00.000     5.09     2.86    -4.11     0.59    460.0   \n",
       "1151  2012-07-17  23:55:00.000     5.28     3.11    -4.02    -0.90    462.0   \n",
       "1152  2012-07-18  00:00:00.000     5.43     2.61    -4.13    -2.25    466.8   \n",
       "\n",
       "           n           T    beta                date_time  \n",
       "0       3.00     11312.0    1.08  2012-07-14T00:00:00.000  \n",
       "1       2.94     11875.0    1.07  2012-07-14T00:05:00.000  \n",
       "2     999.99  10000000.0  999.99  2012-07-14T00:10:00.000  \n",
       "3     999.99  10000000.0  999.99  2012-07-14T00:15:00.000  \n",
       "4       3.02      9378.0    1.06  2012-07-14T00:20:00.000  \n",
       "...      ...         ...     ...                      ...  \n",
       "1148    1.08     72955.0    0.33  2012-07-17T23:40:00.000  \n",
       "1149    0.95     93324.0    0.32  2012-07-17T23:45:00.000  \n",
       "1150    0.95    101417.0    0.35  2012-07-17T23:50:00.000  \n",
       "1151    0.90     93138.0    0.30  2012-07-17T23:55:00.000  \n",
       "1152    0.89     95294.0    0.28  2012-07-18T00:00:00.000  \n",
       "\n",
       "[1153 rows x 11 columns]"
      ]
     },
     "execution_count": 11,
     "metadata": {},
     "output_type": "execute_result"
    }
   ],
   "source": [
    "data['date_time'] = data['day'].astype(str) +\"T\"+ data['time'].astype(str)\n",
    "data"
   ]
  },
  {
   "cell_type": "code",
   "execution_count": 12,
   "id": "fdc0a5dc",
   "metadata": {},
   "outputs": [
    {
     "data": {
